0 5.118276481566923e-02
10 1.781471942338211e-04
20 1.612574782244183e-05
30 3.111061355319643e-06
40 1.490550876680917e-06
50 7.961818394274746e-07
60 2.321962834100444e-07
70 9.837980038231755e-08
80 5.346313745166166e-08
90 2.015565912015737e-08
100 5.303062277015078e-09
110 2.142177626941726e-09
120 1.337446725938735e-09
130 4.463399580335698e-10
140 1.156890954025347e-10
150 3.868220543159188e-11
160 1.981824785490100e-11
170 7.491847877164510e-12
180 1.679314346047866e-12
190 6.785528672996432e-13
200 4.700985285437517e-13
210 1.802940330341818e-13
220 4.030426189777941e-14
230 1.240161796480780e-14
240 8.703103208708985e-15
250 3.091061515183748e-15
260 7.132905947367330e-16
270 2.646730081874573e-16
280 1.643863372722878e-16
290 5.560590365646324e-17
300 1.324196780665272e-17
310 4.758917458419971e-18
320 2.670263887100376e-18
330 7.037321281368222e-19
340 1.588249677042689e-19
350 4.446943251186958e-20
360 2.521136201579331e-20
370 1.228481624218196e-20
380 3.392585470373233e-21
390 1.301447358297331e-21
400 8.279600506300489e-22
410 3.196030035531348e-22
420 6.397426706415948e-23
430 1.687125454276425e-23
440 9.316946101010850e-24
450 3.747274102224273e-24
460 8.659727228605801e-25
470 1.928131147679282e-25
480 8.965585008757050e-26
490 4.968147327867799e-26
500 1.151960148928886e-26
510 2.398301527242982e-27
520 1.006510936110428e-27
530 4.674667869528668e-28
540 1.239915026894227e-28
550 3.083253721141628e-29
560 1.759742556062236e-29
570 7.878655689776914e-30
580 1.753830035598888e-30
590 3.880571026236728e-31
600 1.318956860938630e-31
610 5.479811755153469e-32
620 1.300164362106327e-32
630 2.255612961175904e-33
640 4.672584313878556e-34
650 1.840219300249054e-34
660 7.912960958554460e-35
670 1.809217493825024e-35
680 3.209143648206498e-36
690 1.037437404123623e-36
700 6.643318785756362e-37
710 2.197037644935508e-37
720 3.672697637211854e-38
730 6.019565709462045e-39
740 1.633005754920292e-39
750 8.322986083612256e-40
760 2.696325461004273e-40
770 5.865875971197312e-41
780 1.747830388916312e-41
790 7.737721604243243e-42
800 2.335197794484048e-42
810 4.558433284528808e-43
820 7.180273262269967e-44
830 2.044192809763573e-44
840 1.059702576388611e-44
850 4.735433464501105e-45
860 9.582818879826015e-46
870 1.928519495883519e-46
880 7.097022182420797e-47
890 3.680931155551502e-47
900 8.679585255119657e-48
910 1.209462842924545e-48
920 2.202417077639619e-49
930 8.265454137506526e-50
940 3.966329155626259e-50
950 7.804544285166525e-51
960 1.243188171779154e-51
970 2.531079167445130e-52
980 1.102141463621673e-52
990 4.318974458815409e-53
1000 7.762885312968799e-54
1010 9.814067277951280e-55
1020 1.364017078930417e-55
1030 3.359617001671801e-56
1040 1.377484885797835e-56
1050 5.369648062863798e-57
1060 9.378344639667662e-58
1070 1.273281889135794e-58
1080 1.788641330798809e-59
1090 4.318117402453918e-60
1100 2.097035225887944e-60
1110 6.532749025620710e-61
1120 1.266665177480024e-61
1130 4.188079925430283e-62
1140 3.036488932142044e-62
1150 2.889172811552886e-62
1160 2.886949527450848e-62
1170 2.890711897894869e-62
1180 2.885298322382673e-62
1190 2.886622570484505e-62
1200 2.887696380483202e-62
1210 2.887213121909101e-62
1220 2.887333001047826e-62
1230 2.887349963894019e-62
1240 2.887352158426091e-62
1250 2.887352185552704e-62
1260 2.887351599702025e-62
1270 2.887351569780314e-62
1280 2.887351571472636e-62
1290 2.887351570365307e-62
1300 2.887351570958569e-62
1310 2.887351570958695e-62
1320 2.887351570958703e-62
1330 2.887351570958705e-62
1340 2.887351570958704e-62
1350 2.887351570958704e-62
1360 2.887351570958704e-62
1370 2.887351570958704e-62
1380 2.887351570958704e-62
1390 2.887351570958704e-62
1400 2.887351570958704e-62
1410 2.887351570958704e-62
1420 2.887351570958704e-62
