0 5.135495720015121e-02
10 1.688626483165352e-04
20 1.404651954653838e-05
30 2.449101698635422e-06
40 8.756959056359729e-07
50 2.159166587024836e-07
60 3.868284164366829e-08
70 1.084314752180558e-08
80 3.079437733596267e-09
90 5.914545555070609e-10
100 1.065172802438045e-10
110 3.170171215664325e-11
120 1.018144810944507e-11
130 1.755556061487227e-12
140 3.562771524068781e-13
150 1.111943353780335e-13
160 3.657222715184237e-14
170 7.955501222970553e-15
180 1.856477353585686e-15
190 7.018685708353495e-16
200 1.614535023094052e-16
210 2.207530549320121e-17
220 3.880913399186391e-18
230 1.313293781466561e-18
240 3.563867523366702e-19
250 4.777078720232436e-20
260 8.462602659048124e-21
270 2.648057135388080e-21
280 6.520663712834161e-22
290 9.682800011574501e-23
300 1.618893622018045e-23
310 4.311913006625913e-24
320 1.083371303589971e-24
330 1.438781577982953e-25
340 2.162879821980330e-26
350 4.406733999453946e-27
360 1.438009280954642e-27
370 3.235762411935256e-28
380 5.333600682093408e-29
390 1.510622936979066e-29
400 6.921457709340096e-30
410 3.247198577188524e-30
420 2.450179919449650e-30
430 2.406942355512293e-30
440 2.455240678809736e-30
450 2.442069830073659e-30
460 2.501251386153089e-30
470 2.508017237772839e-30
480 2.512257937666094e-30
490 2.508839569370812e-30
500 2.510283539395055e-30
510 2.511108048366612e-30
520 2.511059301364299e-30
530 2.511040364450556e-30
540 2.511043919610554e-30
550 2.511042860633978e-30
560 2.511042465868531e-30
570 2.511042335091127e-30
580 2.511042348486772e-30
590 2.511042354585891e-30
600 2.511042354236884e-30
610 2.511042361346479e-30
620 2.511042361343717e-30
630 2.511042361343190e-30
640 2.511042361343193e-30
650 2.511042361343203e-30
660 2.511042361343201e-30
670 2.511042361343198e-30
680 2.511042361343196e-30
690 2.511042361343196e-30
700 2.511042361343196e-30
710 2.511042361343196e-30
720 2.511042361343196e-30
730 2.511042361343196e-30
740 2.511042361343196e-30
750 2.511042361343196e-30
760 2.511042361343196e-30
770 2.511042361343196e-30
780 2.511042361343196e-30
790 2.511042361343196e-30
800 2.511042361343196e-30
810 2.511042361343196e-30
820 2.511042361343196e-30
830 2.511042361343196e-30
840 2.511042361343196e-30
850 2.511042361343196e-30
860 2.511042361343196e-30
870 2.511042361343196e-30
880 2.511042361343196e-30
890 2.511042361343196e-30
900 2.511042361343196e-30
910 2.511042361343196e-30
920 2.511042361343196e-30
930 2.511042361343196e-30
940 2.511042361343196e-30
950 2.511042361343196e-30
960 2.511042361343196e-30
970 2.511042361343196e-30
980 2.511042361343196e-30
990 2.511042361343196e-30
1000 2.511042361343196e-30
1010 2.511042361343196e-30
1020 2.511042361343196e-30
1030 2.511042361343196e-30
1040 2.511042361343196e-30
1050 2.511042361343196e-30
1060 2.511042361343196e-30
1070 2.511042361343196e-30
1080 2.511042361343196e-30
1090 2.511042361343196e-30
1100 2.511042361343196e-30
1110 2.511042361343196e-30
1120 2.511042361343196e-30
1130 2.511042361343196e-30
1140 2.511042361343196e-30
1150 2.511042361343196e-30
1160 2.511042361343196e-30
1170 2.511042361343196e-30
1180 2.511042361343196e-30
1190 2.511042361343196e-30
