0 5.123301222920418e-02
10 1.762324391165748e-04
20 1.573540248500649e-05
30 3.002623770953505e-06
40 1.389117755934421e-06
50 6.188570864651410e-07
60 1.594973610963279e-07
70 6.165938515323433e-08
80 2.868136483868966e-08
90 8.965514552983223e-09
100 2.120984943232429e-09
110 7.961042380877359e-10
120 4.214098514587761e-10
130 1.157586873579142e-10
140 2.694872797137648e-11
150 8.387373261198316e-12
160 3.833412753895260e-12
170 1.387336209454637e-12
180 4.884993776675672e-13
190 3.711765324352495e-13
200 3.737279311976510e-13
210 3.744116019825661e-13
220 3.807472729027567e-13
230 3.877967012181488e-13
240 3.955829262249078e-13
250 4.030931404636062e-13
260 4.091451840954746e-13
270 4.112825531532582e-13
280 4.123507362386453e-13
290 4.142628351900407e-13
300 4.149848325217531e-13
310 4.149989813601040e-13
320 4.153855807497581e-13
330 4.154983919858052e-13
340 4.155334930311394e-13
350 4.155430340102573e-13
360 4.155412992867813e-13
370 4.155388869369475e-13
380 4.155392121975993e-13
390 4.155382093105897e-13
400 4.155383177308070e-13
410 4.155383177308070e-13
420 4.155383177308070e-13
430 4.155383177308070e-13
440 4.155383177308070e-13
450 4.155383177308070e-13
460 4.155383177308070e-13
470 4.155383177308070e-13
480 4.155383177308070e-13
490 4.155383177308070e-13
500 4.155383177308070e-13
510 4.155383177308070e-13
520 4.155383177308070e-13
530 4.155383177308070e-13
540 4.155383177308070e-13
