0 4.464929923415184e-02
10 2.150001382688060e-04
20 2.128615778929088e-05
30 6.299693268374540e-06
40 2.400883204245474e-06
50 1.477314185649448e-06
60 8.316080197801057e-07
70 4.239337272338162e-07
80 3.212207388969546e-07
90 2.449349949529278e-07
100 1.405583418545575e-07
110 7.640944943432260e-08
120 5.672444203241866e-08
130 3.341523324706941e-08
140 1.832487761532775e-08
150 1.020331907852778e-08
160 6.062543800311460e-09
170 3.017884608880195e-09
180 1.985482889210743e-09
190 1.012244510434357e-09
200 4.901657968403583e-10
210 2.643002761093527e-10
220 1.580473252271730e-10
230 1.056951401401385e-10
240 7.977975224893186e-11
250 3.484626129313106e-11
260 1.822499616499496e-11
270 9.856665830754174e-12
280 6.008062537060654e-12
290 3.103062945486457e-12
300 1.995394301179676e-12
310 1.359235098606637e-12
320 5.903347472316356e-13
330 2.681683271710950e-13
340 1.182303631082696e-13
350 4.698316930819291e-14
360 1.524308125197809e-14
370 6.121064958608362e-15
380 3.305606215999162e-15
390 1.983490699838291e-15
400 9.249114857654657e-16
410 4.264215584082160e-16
420 2.370387292177677e-16
430 1.212577559529080e-16
440 5.968904198191616e-17
450 4.693536284805921e-17
460 5.191346812330134e-17
470 2.845519505155891e-17
480 1.301329886809345e-17
490 8.458898663658133e-18
500 4.271454804105428e-18
510 1.826332488046136e-18
520 1.078461435636810e-18
530 9.457539548327837e-19
540 6.042695512391884e-19
550 2.592554645742528e-19
560 1.086276327871481e-19
570 5.312705455263055e-20
580 2.801762516706540e-20
590 1.508103252785749e-20
600 8.394414648708522e-21
610 7.082353524215268e-21
620 5.679095737188042e-21
630 2.665703826741855e-21
640 1.214394944255806e-21
650 6.681076314305521e-22
660 3.722435187701115e-22
670 1.313190495630493e-22
680 4.526763446462976e-23
690 2.056708843533540e-23
700 1.077984974530026e-23
710 4.206164142580006e-24
720 2.453108332406523e-24
730 1.299496189804522e-24
740 5.251922827789737e-25
750 1.712068520386655e-25
760 6.691563781236556e-26
770 2.257245977901821e-26
780 7.253299459967190e-27
790 3.538945961804111e-27
800 2.506457229734047e-27
810 1.953154504895105e-27
820 1.630573372568893e-27
830 1.490432502386572e-27
840 1.439318417959032e-27
850 1.434314466777525e-27
860 1.417840639812220e-27
870 1.428496232415531e-27
