0 4.468797892332077e-02
10 2.044368884526193e-04
20 1.896803951240145e-05
30 4.857610292674508e-06
40 1.547619149278034e-06
50 5.227977339927747e-07
60 1.559496638492419e-07
70 4.593881186565341e-08
80 1.739870292283285e-08
90 4.858291546838700e-09
100 1.239525149188125e-09
110 3.645841406552108e-10
120 1.235608143579370e-10
130 3.115266031250563e-11
140 8.845596997930638e-12
150 2.547053713775060e-12
160 7.431695233164892e-13
170 1.876111841835754e-13
180 6.223992675413736e-14
190 1.517200163517630e-14
200 4.749474247998367e-15
210 1.532453702238375e-15
220 5.158918751514544e-16
230 1.516966922407691e-16
240 4.215275343878787e-17
250 8.919996434055405e-18
260 2.780190021147372e-18
270 8.405416990960787e-19
280 2.468755434846603e-19
290 6.843071983429984e-20
300 2.189746606438900e-20
310 6.032241274230664e-21
320 1.364096661721040e-21
330 4.186794814789225e-22
340 1.298876772277438e-22
350 3.996124167880303e-23
360 1.373468209368208e-23
370 4.502757304711833e-24
380 1.272671467760548e-24
390 2.730842196877232e-25
400 7.007138341906488e-26
410 2.008432006898523e-26
420 6.505030994998039e-27
430 2.151823230529387e-27
440 1.256197724765788e-27
450 1.026230519012275e-27
460 9.866932957769436e-28
470 9.533240557815071e-28
480 9.826319910067171e-28
490 9.846236914587051e-28
500 9.817957522248641e-28
510 9.862075762449692e-28
520 9.870529631940580e-28
530 9.897340502696394e-28
540 9.895240276092040e-28
