0 4.465764283060861e-02
10 2.128302184794908e-04
20 2.089283513444582e-05
30 6.097893516473787e-06
40 2.331436486794838e-06
50 1.301213513622785e-06
60 6.419954563947360e-07
70 2.924159076904756e-07
80 1.916880721176152e-07
90 1.093242012717955e-07
100 4.763304463147417e-08
110 2.135013616780988e-08
120 1.267702034458468e-08
130 5.675799641625282e-09
140 2.532278373014402e-09
150 1.166344852895075e-09
160 5.677581900707996e-10
170 2.327223507703313e-10
180 1.265784081782721e-10
190 5.116183586190197e-11
200 2.168042481716954e-11
210 1.028194020558813e-11
220 5.436658020360588e-12
230 2.976345364571167e-12
240 1.674426757480202e-12
250 5.690835452092670e-13
260 2.542682757780136e-13
270 1.180894681847549e-13
280 5.956094560590497e-14
290 2.569685712634984e-14
300 1.364660579591348e-14
310 6.986138342831121e-15
320 2.368934012111649e-15
330 9.103343736747249e-16
340 3.476292893125051e-16
350 1.235552263587258e-16
360 4.092402748554365e-17
370 1.902001089192380e-17
380 1.212397561113717e-17
390 7.015974937242522e-18
400 3.335692385755058e-18
410 1.698800625054665e-18
420 9.850639889950844e-19
430 4.755279998077254e-19
440 2.242736472790993e-19
450 1.353721246004984e-19
460 5.923363163783013e-20
470 1.518644521846810e-20
480 5.349765308923477e-21
490 2.707283984107068e-21
500 1.036138622846410e-21
510 3.954148633566358e-22
520 2.049248354035641e-22
530 1.218813694361084e-22
540 4.783815604650498e-23
550 1.470634149320628e-23
560 5.001347455053554e-24
570 1.944814454431838e-24
580 7.720884931972617e-25
590 2.873537280269977e-25
600 1.068854213755660e-25
610 6.289895577528527e-26
620 4.248923973843803e-26
630 1.988604739270718e-26
640 9.528419910196672e-27
650 5.092737239336726e-27
660 2.411327932820277e-27
670 7.171978963303192e-28
680 2.110760111799462e-28
690 8.005547067470345e-29
700 3.465188234687382e-29
710 1.187884294944852e-29
720 6.245928086354053e-30
730 2.825056800980286e-30
740 9.917671976165059e-31
750 2.971607728552728e-31
760 1.044849003690031e-31
770 2.993229095460700e-32
780 7.840794920978503e-33
790 2.676065572359237e-33
800 1.245460065566374e-33
810 5.759881320479332e-34
820 2.119042098989590e-34
830 7.353134935195351e-35
840 3.080664339058945e-35
850 1.364184240947919e-35
860 3.660091121341919e-36
870 7.458027567247396e-37
880 1.876297567246459e-37
890 5.424461887209195e-38
900 2.504629152731955e-38
910 8.224242209471042e-39
920 2.227782847697280e-39
930 6.403677181775322e-40
940 2.125030391863686e-40
950 7.957525906388517e-41
960 2.663412609723705e-41
970 5.522177767111282e-42
980 1.488335767322571e-42
990 4.619868334113652e-43
1000 1.383035610101059e-43
1010 3.397879970614934e-44
1020 8.094277157545211e-45
1030 2.397003149232431e-45
1040 9.181142495469837e-46
1050 2.313352241344293e-46
1060 4.435436128626369e-47
1070 8.391884111591297e-48
1080 2.754946430783361e-48
1090 9.326328862191034e-49
1100 2.456642973154965e-49
1110 5.824195867080043e-50
1120 1.717882111503869e-50
1130 6.454091370249343e-51
1140 2.448036800990407e-51
1150 8.543301304412456e-52
1160 2.138242023539060e-52
1170 4.376518672922848e-53
1180 1.444442136741787e-53
1190 6.082877672270816e-54
1200 1.874246587862816e-54
1210 3.636822320337044e-55
1220 8.454274752408866e-56
1230 2.733969773653524e-56
1240 1.162350104376638e-56
1250 3.041887162530345e-57
1260 5.402377468465865e-58
1270 7.949393385003214e-59
1280 1.237374550310127e-59
1290 3.112553102649802e-60
1300 1.123908864538036e-60
1310 3.536239339103099e-61
1320 1.072657754565505e-61
1330 4.886660248675032e-62
1340 3.512314280972995e-62
1350 3.290336435614331e-62
1360 3.228127133497710e-62
1370 3.241849205182983e-62
1380 3.253505872213183e-62
1390 3.259826800364810e-62
1400 3.268666747403209e-62
1410 3.270568590408590e-62
1420 3.271822171900607e-62
1430 3.271930496439165e-62
1440 3.270226472427051e-62
1450 3.271706148477940e-62
1460 3.272182753896187e-62
1470 3.272182186308937e-62
1480 3.272247917494065e-62
1490 3.272262995815216e-62
1500 3.272262760453297e-62
1510 3.272263565112384e-62
1520 3.272263751095598e-62
1530 3.272263654535803e-62
1540 3.272263598926140e-62
1550 3.272263590199849e-62
1560 3.272263590171624e-62
1570 3.272263590272235e-62
1580 3.272263590273784e-62
1590 3.272263590273424e-62
1600 3.272263590273352e-62
1610 3.272263590273352e-62
1620 3.272263590273355e-62
1630 3.272263590273359e-62
1640 3.272263590273357e-62
1650 3.272263590273357e-62
1660 3.272263590273357e-62
1670 3.272263590273357e-62
1680 3.272263590273357e-62
1690 3.272263590273357e-62
1700 3.272263590273357e-62
1710 3.272263590273357e-62
1720 3.272263590273357e-62
1730 3.272263590273357e-62
1740 3.272263590273357e-62
1750 3.272263590273357e-62
